0.000000 1.000000
0.050000 1.000000
0.100000 1.000000
0.150000 1.000000
0.200000 1.000000
0.250000 1.000000
0.300000 1.000000
0.350000 1.000000
0.400000 1.000000
0.450000 1.000000
0.500000 1.000000
0.550000 1.000000
0.600000 1.000000
0.650000 1.000000
0.700000 1.000000
0.750000 1.000000
0.800000 1.000000
0.850000 1.000000
0.900000 1.000000
0.950000 1.000000
1.000000 1.000000
1.050000 1.000000
1.100000 1.000000
1.150000 1.000000
1.200000 1.000000
1.250000 1.000000
1.300000 1.000000
1.350000 1.000000
1.400000 1.000000
1.450000 1.000000
1.500000 1.000000
1.550000 1.000000
1.600000 1.000000
1.650000 1.000000
1.700000 1.000000
1.750000 1.000000
1.800000 0.999999
1.850000 0.999999
1.900000 0.999996
1.950000 0.999996
2.000000 0.999987
2.050000 0.999987
2.100000 0.999952
2.150000 0.999952
2.200000 0.999834
2.250000 0.999834
2.300000 0.999434
2.350000 0.999434
2.400000 0.998110
2.450000 0.998110
2.500000 0.993810
2.550000 0.993810
2.600000 0.980206
2.650000 0.980206
2.700000 0.939522
2.750000 0.939522
2.800000 0.833293
2.850000 0.833293
2.900000 0.625127
2.950000 0.625127
3.000000 0.364734
3.050000 0.364734
3.100000 0.166486
3.150000 0.166486
3.200000 0.064649
3.250000 0.064649
3.300000 0.023100
3.350000 0.023100
3.400000 0.007905
3.450000 0.007905
3.500000 0.002627
3.550000 0.002627
3.600000 0.000849
3.650000 0.000849
3.700000 0.000266
3.750000 0.000266
3.800000 0.000080
3.850000 0.000079
3.900000 0.000022
3.950000 0.000017
4.000000 0.000000
